605228
000042
600580
002824
002816
000868
603311
600173
600186
600580
600588
600889
603066
603150
603166
603171
603273
603278
603311
603496
603583
603786
603918
603988
605555
688039
688228
688392
000042
000815
002009
002067
002137
002163
002369
002413
002448
002530
002576
002596
002600
002664
002674
002779
002815
002965
002979
003015
300229
000504
000586
000595
000628
000796
001298
002076
002272
002657
600355
600520
600543
600545
600571
600593
600622
600889
603038
603106
603117
603196
603261
603366
603516
603598
603679
603721
603825
603887
603991
605178
002769
000679
002529
002862
002952
600678
603021
603389
000717
002313
002403